57763.49267586667 7.47972162669712 0.1827545673056939
57763.49522856667 7.628980393722123 0.1203832397992812
57518.38960016667 7.795390868427389 0.0412583799049635
57518.39215206667 7.81836146144705 0.0413880626984598
57514.25926946667 7.831734065624067 0.0414625376220335
57514.25671686667 7.847236433327839 0.041565877269491
57593.23041036667 8.417394831996535 0.0455144400237337
57593.23296836667 8.427377954034945 0.0456969547688842
57503.31259816667 8.074606214945637 0.1067218861511729
57563.15959386667 8.23929989321774 0.0433389116642522
57563.15703576667 8.248125002833685 0.0434227181230668
57751.524794966674 7.06800454720943 0.0492967373943576
57751.52734336667 7.045765506682844 0.0612777792476613
57968.22587196667 8.467055497434929 0.2020168659192229
57968.22849496667 8.502616531041037 0.1483072723304124
57755.49461666667 7.217301046781315 0.0816888513856658
57755.49204036667 7.21580282819711 0.1086639644158212
57811.37533096667 7.796798801823274 0.0524449645739851
57811.37792336667 7.750422595571843 0.1131743867858638
57524.29393596667 7.749453241481878 0.0434537107301361
57600.21469016667 8.233618664788953 0.0442946373470383
57600.21213766667 8.234581707576675 0.0442919713460825
57764.50690816667 7.767651371283537 0.0443876276362822
57764.50946736667 7.817317107635294 0.0508958796796823
57504.45474786667 8.060041373628517 0.0445961768083416
57504.45732166667 8.038919123508695 0.0445391981715857
57495.46656256667 7.912329849902298 0.0452759095049424
57495.46911376667 7.890600782349261 0.0486773337822586
57564.15914826667 8.180712824003614 0.0434784420685857
57564.15659606667 8.189638393151576 0.0434986280415349
57640.12737186667 7.416316407417403 0.1179164355350862
57758.51749216667 7.365280165396534 0.0398483561765785
57758.52008316667 7.4142181072862545 0.0400442891269099
57947.28532586667 8.638091424826206 0.1416476459806074
57947.28792226667 8.67062559343987 0.142216182622314
57602.20028836667 8.174183601418957 0.0441302359974119
57602.20284286667 8.148416766368449 0.0443135431453293
57766.45458556667 7.683783506790448 0.0784644553044485
57766.45714226667 7.7534976118970835 0.0872359271259315
57976.18349526667 8.454301874499395 0.1332610671982963
57976.18088756667 8.4504610837944 0.1174925430846039
57762.48922816667 7.650615603280784 0.0413081063541318
57762.48667756667 7.63734839920735 0.0412405175921605
57754.52466156667 7.2805228751713695 0.0401873010742562
57754.52721396667 7.2757663600505635 0.0397325770475949
57770.49329186667 7.798050497577045 0.0445957930402283
57770.49071446667 7.779550869948715 0.0445741548535952
57606.18075186667 7.969918356433587 0.0426685688382912
57606.18329896667 7.9730615779079645 0.0427169608272821
57531.37104956667 7.580914542501546 0.0558302048472114
57531.36849226667 7.591838787307613 0.0476040387493777
57759.50349326667 7.3268232330019005 0.040021601378122
57759.50604866667 7.365737215651007 0.0402634067645452
57748.49944066667 7.097094596774101 0.0574645480013327
57748.49689176667 7.123051593784809 0.0761952055532497
57512.40880466667 7.811405855407406 0.0416367485829268
57512.40625366667 7.820206172956571 0.041659998902492
57753.48166436667 7.16463736353683 0.0510529867113234
57753.47909966667 7.208515575681313 0.1161862702001142
57893.36858266667 9.07587392293491 0.1431252110689348
57893.37114436667 9.08997290256023 0.1539552424644981
57592.23809556667 8.48171036704535 0.046445270846266
57592.23551456667 8.437315993325385 0.0461143103092659
57919.32093376667 9.04846114552885 0.115565829720327
57919.31837046667 9.041362482977894 0.1235746612899286
57517.24032926667 7.805473428984111 0.0416799663304645
57517.24287956667 7.805653098093881 0.0416566566908746
57572.29535986667 8.14786283776945 0.0474801035905273
57572.29281496667 8.171646821493761 0.0438146114448489
57595.22339536667 8.389761007082697 0.0455261696665261
57595.22084006667 8.400390017954525 0.0454992059669059
57579.27294626667 8.230290287999644 0.0914350964789207
57579.27039886667 8.35102560054765 0.0891720763081701
57898.40029486667 9.02973664434386 0.1828301786858445
57898.40296376667 9.064050574904211 0.192245367119893
57543.36594296667 8.279284821858512 0.0524828111698741
57543.36849106667 8.203069328395935 0.0497959494936196
57757.48905066667 7.301311348360167 0.1236446391914654
57757.48648806667 7.306400569764138 0.051736248983957
57773.43703246667 7.724045687676567 0.0770790355211665
57773.43447376667 7.684437304555997 0.0746535560554407
57605.19824406667 8.024134586733146 0.043393787208328
57605.20080706667 8.03300630199755 0.0457762937981271
57765.50964256667 7.755493618798654 0.0448290196650619
57765.50707956667 7.778901218700296 0.044274612623807
57588.24466696667 8.45011758323542 0.0494133942802103
57588.24212056667 8.415492399380328 0.0491047204698328
57589.24226766667 8.421905988264927 0.0486101464455928
57589.24481956667 8.374473868155182 0.0484654718394997
57594.22925546667 8.375614601094954 0.0460012454480264
57594.22670216667 8.431284722532215 0.0455771073326137
57556.30512426667 8.4342617453285 0.0559277407488989
57769.50398806667 7.732728724342162 0.0434951295778318
57769.50653456667 7.7350563955189475 0.0433078623211531
57760.47434276667 7.4268521134598275 0.0489154079807691
57760.47694866667 7.449031073637019 0.0408659132658761
57519.42056346667 7.851419389150014 0.0418856232149592
57519.42311426667 7.841078936934708 0.0418772379118293
57545.24571226667 8.361840625037626 0.0445708850100251
57545.24825666667 8.355782761229724 0.0447044550682601
57542.36434956667 8.268049165808986 0.0436453554373196
57542.36690036667 8.255036085090557 0.0435935524550829
57918.29883176667 9.04727562278619 0.1809434627464101
57918.29627086667 8.987378047624054 0.1258430561474569
57570.29439966667 8.229579941640191 0.0441793810650813
57896.35689906667 9.084944893006108 0.1434976681816711
57896.35946076667 9.040920239498025 0.1393113217502799
57897.23601126667 8.889945375798622 0.1425819970935561
57897.23344976667 8.913680653397016 0.1481990913060682
57889.11529436667 9.161847080436536 0.0474724648257802
57889.11275096667 9.14967847379008 0.0469884609237207
57786.33488366667 8.020145929248486 0.0326287783454812
57786.33234056667 8.02271561245836 0.0310779481044647
57916.13877786667 8.84337448208408 0.0329628277582691
57916.13623156667 8.847512126259065 0.0329242630331592
57523.11445326667 7.786493287756018 0.0284244642289102
57523.11699216667 7.776897291680116 0.028411507982933
57498.34771186667 7.96749175897174 0.1630690561495333
57621.02690916667 7.9469474402578575 0.1836947836680323
57621.02944636667 7.831959684394946 0.071565226312487
57509.28149536667 7.871611857115536 0.0283577251012356
57509.28403716667 7.868919029337083 0.028380520265621
57516.19029206667 7.773107593217966 0.0767342145078402
57516.19283146667 7.729446059090794 0.0347567182271877
57618.02720276667 7.848778973333418 0.030718631334499
57618.02974676667 7.829447822932276 0.030762652657673
57548.06148576667 8.438105540056235 0.0296415435539352
57548.06402236667 8.423323815731592 0.0295845450895085
57606.03434261111 7.869436729367893 0.0285135446061843
57606.03826841111 7.86629400577838 0.0298998450836614
57608.98228461111 7.802671981718796 0.0271258013210672
57608.98621391111 7.781037980471083 0.0271293447457181
57796.32744416667 8.198146308615241 0.0334438303761562
57796.32489266667 8.215429303589064 0.0335821242061068
57617.03039866667 7.814734581585927 0.0308616450314493
57617.02784786667 7.807236257015709 0.0307833796916943
57615.03745806667 7.692083019218508 0.0668442249205643
57615.03491866667 7.736495992567396 0.0653135029608642
57890.24685036667 9.136359425343771 0.0339648211788603
57890.24940146667 9.123845540690716 0.0340085150543941
57607.06169016667 7.849380507310093 0.0282544569047155
57607.05913666667 7.880929149483788 0.0313471258118389
57867.15655936667 9.006200096960328 0.0352310450578303
57867.15910076667 9.04307982710107 0.0387827615410727
57648.98497736667 7.636030327313501 0.0580546282824191
57648.98752206667 7.6485494831869 0.0633328249693272
57508.16282096667 7.836772487854405 0.0279461410023707
57508.16029016667 7.85933300658064 0.0284060887900871
57511.31292026667 7.781558392075334 0.0284005254567199
57511.31038116667 7.803683216326312 0.028481999682665
57619.03009366667 7.850725059367023 0.0302222783230052
57619.02755816667 7.87111959566013 0.0302529106011006
57622.99685646667 7.8150324572590355 0.0284333618878658
57622.99939366667 7.782444608291215 0.0283376417232539
57575.12623866667 8.171170431494877 0.0289061642464399
57575.12877906667 8.20183964772351 0.0290296547333083
57937.02370056667 8.53523276518996 0.1402850209092786
57937.02111556667 8.54613717403012 0.1559765773309588
57923.17706656667 9.027860105960947 0.0351695506076762
57923.17451666667 8.997429502988467 0.0521651175163727
57608.06175056667 7.862423235686078 0.0298272833357855
57608.05920156667 7.885985526293318 0.0283904048382129
57616.03487876667 7.832825433471934 0.0510519738939632
57616.03741786667 7.820907257764793 0.055926716323996
57568.10874606667 7.934138923749515 0.0295513385795657
57568.10620856667 7.941576091132461 0.0295933802192029
57559.03374796667 8.111150593702872 0.0343103015178871
57559.03629266667 8.122325203272323 0.0343394228525985
57775.36469076667 7.816917745732586 0.0347383666096352
57775.36723366667 7.786411730807897 0.0686420478175222
57561.99580946667 8.055535932814447 0.0299413344847405
57561.99834466667 8.04965371101111 0.0298910824753528
57495.33692226667 7.841127968237311 0.0298066306127371
57495.33438396667 7.872950208513493 0.0304623451874673
57533.06993456667 7.644934309859043 0.1484169931696228
57533.07248266667 7.598822024162955 0.0320573599682627
57826.37057526667 8.258925051803795 0.0552879420506723
57826.36803056667 8.238676130551829 0.0574972176091143
57625.00623456667 7.5684591587147425 0.0290400394327664
57625.00369366667 7.573556842859792 0.0290129461982117
57845.24983776667 8.98849112606697 0.0382149964711793
57845.24728386667 8.970667464599309 0.0384171471234194
57622.02355736667 7.665002700253606 0.0289745817075981
57622.02101586667 7.685628252197468 0.0291155647436342
57611.00412061111 7.333541501225127 0.1302692114832705
57611.00805241111 7.466695663797727 0.0858986295616834
57609.03396356667 7.709423458924458 0.0298974318472801
57609.03142576667 7.679175873521124 0.0297424058169733
57913.09105836667 9.065389434041636 0.1502643908985662
57913.08851786667 9.015248639633167 0.208960828616095
57615.00612701111 7.554399257882665 0.0806822025730615
57615.01005311111 7.640851877207721 0.0895301947734002
57598.07700596667 8.06924030907323 0.0376672726828845
57598.07955016667 8.071967011512369 0.0681011073009871
57547.07577086667 8.265585488243925 0.0304320418674379
57547.07831066667 8.279265729661262 0.0304748777358382
57970.09075386667 8.553807023599331 0.1093508187945357
57970.093338766674 8.566583139252486 0.1130988525687335
57607.02899711111 7.707772139318443 0.0276976442508938
57607.02506871111 7.6892311597371314 0.0276683226811888
57560.06052416667 8.103589904283977 0.0325752636231355
57560.05798566667 8.115413496700679 0.0325481690562599
57561.08485906667 8.04490645550175 0.0486180270113797
57561.08232056667 7.995606154483888 0.0438235408472421
57558.02028616667 8.13987866985148 0.0350048458300627
57558.02282166667 8.16723206243639 0.0378513905115095
57784.34021336667 7.91648476469488 0.0812355662860762
57784.33766896667 7.9021627376993155 0.0932792986045155
57605.02620381111 7.798793884751477 0.0277103660951972
57605.03013161111 7.789891978442498 0.0276953904526845
57590.00319066667 8.222951485881097 0.0317797309331461
57590.00065216667 8.180111369619471 0.0315438284187914
57534.19905266667 7.4997322025792545 0.0353197606110192
57534.20159426667 7.513417217235242 0.0309068374866797
57566.15078906667 7.993561925705883 0.0299040194042164
57566.14825086667 7.989501351329357 0.0298592119671218
57604.02711071111 7.811452120595407 0.0280868726291211
57604.03104051111 7.818153337062157 0.0281387070938546
57497.31956216667 7.904568278170359 0.0317949945455158
57497.32209826667 7.913399805777637 0.0319127545717811
57865.29176116667 9.04529509916028 0.042725833085357
57865.29432306667 9.028703248741946 0.0397774305368407
57599.07215236667 7.963077213561482 0.0298929817384261
57599.06960326667 7.9445998779181135 0.0298035555757364
57985.99646946667 8.067856896570765 0.050020926466574
57985.99905456667 8.068154592543992 0.0489175765992793
57608.01721411111 7.70268283767955 0.0276101797935503
57608.01328461111 7.721188391327806 0.0276864793664259
57987.03085916667 8.081114356188907 0.061258879834296
57987.02827406667 8.032742062414016 0.0712704032182487
57554.15192766667 8.075102633918528 0.2030472510842368
57554.15446696667 7.973607254070491 0.109882635363635
57791.07178866667 8.262905195810697 0.0262846742017017
57791.06922906667 8.272230037853358 0.0253081713772131
57960.82013426667 8.601150061234064 0.0260435003209168
57960.82271906667 8.589788859030476 0.0260295029113844
57886.98058126667 9.02562641735676 0.1710355250196516
57886.97800886667 9.077351854279527 0.1674562744912907
57862.87486696667 9.078673049228076 0.0255457892627643
57862.87230996667 9.086119663399431 0.025590280823687
57866.10819696667 8.996175747287815 0.0405917920227132
57866.11075176667 8.995682113988305 0.0497670423472453
57828.12587156667 8.38693814805334 0.0807992299186216
57828.12331926667 8.3434488555836 0.0735934730688143
57905.88751576667 9.04039537118044 0.0267334237275999
57905.89007036667 9.042132694192343 0.0266776659168941
57841.93446346667 8.994128510471196 0.0254650026593909
57841.93701496667 8.990271504633684 0.0253772989282141
57955.73569096667 8.76576374961794 0.0465514356178138
57955.73310636667 8.755304376900156 0.0381632150193674
57816.00080836667 7.9996545285475 0.0238122686737474
57816.00337366667 7.9598283057760355 0.0237091741601204
57942.74180236667 8.790157851235662 0.031650053154893
57942.74439276667 8.757425095179912 0.0660620892140688
57825.04365576667 8.168937516475143 0.0316309817564993
57825.04620756667 8.171300216715988 0.0349396180772618
57901.97577886667 8.988008946672107 0.0264152919859731
57901.97833366667 9.071749940899291 0.0265765630872602
57933.78359126667 8.823323324913632 0.0267091107022204
57933.78614916667 8.876204169750565 0.0266902738280382
57782.10067386667 7.899939044064668 0.0234366117739189
57782.10322366667 7.9086669218859775 0.0234888419600856
57820.98684496667 7.940509211378162 0.0329039678296257
57820.98939756667 7.95721569485334 0.0299417656705024
57817.00045596667 7.9682556147979025 0.023964062415544
57816.99789806667 7.978700435729104 0.0242963872891983
57947.88268856667 8.758892997440052 0.0265166802202684
57947.88527346667 8.757501174785304 0.026517473511145
57819.98985146667 8.004278668526984 0.0253115098320229
57819.99240006667 7.997386530229737 0.0252764580558602
57858.88371616667 9.064500453682282 0.028272182485158
57858.88627266667 9.02980629568542 0.0282114340147355
57818.99505736667 7.99877377214382 0.0242141849531212
57818.99250946667 7.970968202062266 0.024083865067489
57928.74047006667 8.908557305156757 0.033993343898338
57928.73792006667 8.888745307878386 0.0347687335723016
57822.98152606667 8.110239076693578 0.0270139115115474
57822.98408056667 8.105319420859761 0.0268988562073079
57879.82861666667 8.987466204390635 0.0294586458620132
57879.82606726667 9.059138089999964 0.0298243068722802
57904.91394746667 9.049198999250653 0.0259981742113219
57904.91650066667 9.065341849456996 0.0260248938681351
57904.81959326667 9.047386027986974 0.0282040621918785
57904.82214726667 9.01926686274333 0.0273385965418933
57894.44376556667 9.1744401856062 0.1389136670471717
57926.54883046667 8.981007190889258 0.0420347195622145
57926.55138116667 8.945944967901676 0.0418941003188968
57971.40810906667 8.564945590295823 0.042741636960137
57971.40552166667 8.597259282216779 0.0426548058198684
57801.73929116667 8.13231645848889 0.0733017937743599
57975.46489766667 8.538408693319855 0.0420053943274928
57975.46230126667 8.542323295210947 0.0419286045065591
57944.47796626667 8.816060696968654 0.0436994170367679
57944.48055346667 8.791860784618146 0.0446329761689972
57807.69113946667 8.03323413545807 0.0367283098793644
57807.69368496667 8.027202856650847 0.0367062653331968
57878.72600646667 9.057311560047298 0.0425406045011039
57878.72855566667 9.07645555462495 0.0426472383791972
57883.69501356667 9.042673695597513 0.1876886155944577
57883.69245026667 9.182454972500608 0.2418488009025758
57984.44061166667 8.176344714348856 0.0387663191231109
57984.43801496667 8.16421001703931 0.038637256981361
57957.50273676667 8.683534548011995 0.0403972996873158
57957.50014776667 8.665117753158524 0.0402988165652422
57952.51971326667 8.755213916102965 0.0412556593899591
57952.52229886667 8.77404726516043 0.0413964894552947
57956.51290376667 8.760136612070552 0.0406927108682132
57956.51031856667 8.793675934533894 0.0407619522809408
57930.53690186667 8.971583563906087 0.0414170597466343
57930.53435106667 8.962218246293506 0.0415417944134552
57817.63906316667 7.994499509321911 0.0375081621309063
57817.64162726667 7.948653632406821 0.0373771709569667
57973.44985726667 8.521050737730267 0.0445335241467292
57973.44725976667 8.556945328457255 0.1866088479242043
57958.47974716667 8.666455907639815 0.0404317300822249
57958.48232976667 8.630095977152083 0.0403150812912808
57814.64859616667 7.96320417639414 0.0375765926688875
57814.64603386667 7.951854936869338 0.0375695781385893
57917.37873506667 9.10358603603744 0.0798808836757347
57917.38128176667 9.10370192006254 0.1024318810710134
57959.50747376667 8.681857030483002 0.0406901013236804
57959.51006096667 8.717535302082377 0.0408624845867695
57844.08774416667 9.053775366667402 0.0438818437811879
57844.08519096667 9.104347881334988 0.0440931730750928
57859.88594196667 9.048160749600642 0.0448088854231082
57859.88849216667 9.073390936548632 0.0448788140967258
57842.93409026667 9.036098058464807 0.0439549204540579
57842.93665096667 9.055334009623046 0.0440517341117161
57953.72998856667 8.843911596019401 0.0464610562228402
57953.73258516667 8.785296708089284 0.0429155354506123
57839.94039096667 8.923212374509516 0.0432276684506112
57839.94294616667 8.948177718910681 0.0433396087749625
57789.07720576667 8.232402886477793 0.0412373849141855
57789.07465816667 8.207514762872503 0.0412452865429715
57785.10249706667 7.955455798469296 0.0396682163470862
57785.09994326667 7.954812323478038 0.0398077154038725
57891.97894896667 9.20008995782221 0.0445557584279027
57891.97639596667 9.216392269931031 0.0445764569389486
57788.10229256667 8.174402867380739 0.0398289107503224
57788.09973886667 8.151087096844616 0.0396907816029556
57848.10296246667 9.088222279036922 0.1495442890264119
57848.10038616667 9.036952307588058 0.1198557730160529
57882.83903706667 9.154664911914054 0.1592293515711739
57882.83648526667 9.1968154322167 0.19921294110211
57863.86953696667 9.158218365604318 0.0441235470505059
57863.87210036667 9.101168394989848 0.0438456321213119
57963.84611686667 8.560562850590548 0.1336659170089773
57846.94494006667 9.092528975901116 0.0442924117017688
57846.94750616667 9.082023037306644 0.0437718488095862
57823.99952576667 8.179003248058436 0.0435544734284568
57824.00207996667 8.129851708848742 0.04329593940722
57831.96507426667 8.527268454145405 0.0429174957510565
57831.967631666674 8.571334559200865 0.0430970701817177
57853.01961686667 9.03828525435216 0.0460779410282588
57853.01705926667 8.970733718471427 0.0458144431595315
57794.06116836667 8.213810411855555 0.0426988094387118
57794.06382066667 8.268368186969562 0.0429108254220093
57929.72340836667 8.961556076759086 0.0448738335522643
57929.72085846667 8.955908052081636 0.050103447220128
57898.02171366667 9.034178862671244 0.0582725386439634
57792.06896076667 8.279923179769165 0.0406258042409131
57792.06640806667 8.242936892029858 0.0405406634135507
57838.05848176667 8.80659023121751 0.0426465036874255
57838.06103406667 8.798103389985647 0.0426297957371785
57887.80405066667 9.24642680027603 0.0462566710799785
57887.80660036667 9.250302457212678 0.0461715651546625
57835.06198006667 8.753715919875614 0.0426392945844383
57835.05942826667 8.730552621615136 0.0425589532785773
57916.95618616667 9.064885509164462 0.0451508781568425
57916.95362226667 9.105823130310002 0.0452466008100597
57783.10404196667 7.92766825311589 0.0389397063922059
57783.10149186667 7.996545598650387 0.0398098525868176
57891.04277856667 9.176784182601116 0.0450684227168729
57891.04021176667 9.18251280103202 0.0450424531904159
57814.10768476667 7.973640890265929 0.0390303174764001
57814.11024176667 7.997012218450076 0.0391333752969656
57853.89699416667 8.988348942966647 0.1472611095447608
57853.89954706667 9.02918834790574 0.1461565592056884
57934.87891776667 8.912081072369558 0.055292026240346
57934.87635596667 8.915709098248254 0.0610858684463158
57834.02383016667 8.77064430997084 0.0936387983244355
57834.02126466667 8.786116054739425 0.0937960714642821
57877.83447376667 9.092716861452734 0.097389233190138
57877.83190716667 9.091560349160126 0.0974117090037894
57811.02079716667 8.086649941426465 0.0865103350130808
57811.02334856667 8.071120914161138 0.0863575335970031
57838.96691716667 8.96553216639133 0.0954801331525497
57838.96946796667 8.962559783129963 0.0954544194362128
57861.87835476667 9.226989186501536 0.0983195734100275
57861.87579866667 9.259171921751648 0.0986643172322736
57810.08689756667 8.177941357017115 0.0876437131552715
57810.08433996667 8.160680781705166 0.0874569775469699
57779.10983336667 8.055961756973057 0.0866400967658069
57779.10728326667 8.079690405608176 0.0868388327801059
57860.88055976667 9.217600788173309 0.0983423852947978
57860.87800946667 9.207718027913929 0.0982427636329713
57906.94302616667 9.153953627799622 0.0980090205977232
57906.94047356667 9.155370060541587 0.0980317916370354
57944.16010316667 8.821490055181151 0.0683385995859044
57944.16268806667 8.819081448419432 0.0683225748240946
57787.33638596667 8.073487540726376 0.0726825865287272
57787.33383906667 8.049562977608781 0.0720071538764474
57914.12163446667 8.880154480707986 0.0675554012223113
57914.11904436667 8.926369153850873 0.0677827713508713
57915.10614106667 8.958347556092686 0.0669371779782931
57915.10356366667 8.997564959485786 0.0671730387878458
57790.36472116667 8.215497695467816 0.0605613165008296
57790.32143566667 8.23051790219093 0.0609096821497855
57790.36216576667 8.222236573098405 0.0606021815720694
57808.27223776667 7.991166573487735 0.0593250198501588
57808.27477996667 7.953818729087904 0.0590634674166916
57949.14638766667 8.758676447738047 0.1359792914703787
57949.14897236667 8.684354249669472 0.1070258870210739
57798.34362856667 8.11195456532645 0.0625126848410563
57798.34616946667 8.075362190394099 0.0621928589834484
57812.36129356667 7.915896757464489 0.0587576293866222
57812.36383686667 7.93105083924911 0.0588588066215417
57904.07256716667 9.026456729728638 0.0662726500847984
57904.06998626667 9.030333893069953 0.0663001484443609
57810.65991546667 7.881774988782412 0.0571560345548665
57810.65730796667 7.881587844880994 0.0571295250428043
57840.61850746667 8.9418269386488 0.0633400255087821
57840.62105476667 8.939603530789627 0.0633311593311343
57850.79831446667 8.977935823923797 0.0643262608367517
57850.79576136667 9.015738619620937 0.0644496306541812
57851.54749226667 9.001237709797838 0.0662485597428533
57851.54493156667 8.973108520132532 0.066190891448077
57871.70293946667 9.003063436001344 0.0639665803316671
57871.70548966667 8.945766615148857 0.0635833162728828
57901.59943916667 8.96528279906185 0.0644573062893946
57901.60200116667 8.981103213298612 0.0644858031712095
57951.53150506667 8.728751368533532 0.0625934508272263
57951.52891466667 8.719785343969699 0.0625109868430428
57821.70278946667 8.058024467550117 0.0579394233757844
57821.70024736667 8.059001382720544 0.0579780785204255
57800.74018386667 8.023418728574454 0.1252547559828626
57895.47934876667 9.131619534122413 0.0652655917195848
57895.48189886667 9.138334755411131 0.0653011464026679
